// Input to LightGrid::update()
// (point, radius, intensity)
vec![
    ((95, 56), 3, 0x10000),
    ((88, 57), 3, 0x10000),
    ((116, 61), 3, 0x10000),
    ((132, 62), 3, 0x10000),
    ((140, 65), 3, 0x10000),
    ((115, 69), 3, 0x10000),
    ((102, 73), 3, 0x10000),
    ((140, 81), 3, 0x10000),
    ((131, 85), 3, 0x10000),
    ((102, 85), 3, 0x10000),
    ((92, 85), 3, 0x10000),
    ((78, 96), 3, 0x10000),
    ((78, 108), 3, 0x10000),
    ((104, 109), 3, 0x10000),
    ((120, 111), 3, 0x10000),
    ((95, 126), 3, 0x10000),
    ((87, 126), 3, 0x10000),
    ((83, 131), 3, 0x10000),
    ((100, 132), 3, 0x10000),
    ((95, 137), 3, 0x10000),
    ((87, 137), 3, 0x10000),
    ((95, 140), 3, 0x10000),
    ((87, 140), 3, 0x10000),
    ((83, 145), 3, 0x10000),
    ((100, 146), 3, 0x10000),
    ((95, 151), 3, 0x10000),
    ((87, 151), 3, 0x10000),
    ((95, 154), 3, 0x10000),
    ((87, 154), 3, 0x10000),
    ((83, 159), 3, 0x10000),
    ((100, 160), 3, 0x10000),
    ((95, 165), 3, 0x10000),
    ((87, 165), 3, 0x10000),
    ((92, 143), 4, 0x10000),
]